0.000000 inf
100.000000 0.0000015600
200.000000 0.0000020400
300.000000 0.0000023167
400.000000 0.0000022625
500.000000 0.0000024600
600.000000 0.0000029150
700.000000 0.0000033900
800.000000 0.0000037588
900.000000 0.0000039333
1000.000000 0.0000043980
1100.000000 0.0000047818
1200.000000 0.0000051250
1300.000000 0.0000055754
1400.000000 0.0000058436
1500.000000 0.0000060773
1600.000000 0.0000063975
1700.000000 0.0000067865
1800.000000 0.0000071922
1900.000000 0.0000075821
2000.000000 0.0000080685
2100.000000 0.0000084871
2200.000000 0.0000088909
2300.000000 0.0000090978
2400.000000 0.0000093229
2500.000000 0.0000096272
2600.000000 0.0000098750
2700.000000 0.0000101230
2800.000000 0.0000104400
2900.000000 0.0000108790
3000.000000 0.0000114173
3100.000000 0.0000119526
3200.000000 0.0000122100
3300.000000 0.0000124018
3400.000000 0.0000124582
3500.000000 0.0000125171
3600.000000 0.0000126275
3700.000000 0.0000126570
3800.000000 0.0000126805
3900.000000 0.0000126385
4000.000000 0.0000126028
4100.000000 0.0000125912
4200.000000 0.0000126533
4300.000000 0.0000126551
4400.000000 0.0000126470
4500.000000 0.0000127289
4600.000000 0.0000127946
4700.000000 0.0000128136
4800.000000 0.0000128894
4900.000000 0.0000130043
5000.000000 0.0000130240
5100.000000 0.0000131343
5200.000000 0.0000133419
5300.000000 0.0000135226
5400.000000 0.0000136528
5500.000000 0.0000137807
5600.000000 0.0000140659
5700.000000 0.0000142144
5800.000000 0.0000143581
5900.000000 0.0000146807
6000.000000 0.0000148298
6100.000000 0.0000150031
6200.000000 0.0000157561
6300.000000 0.0000159432
6400.000000 0.0000160719
6500.000000 0.0000162063
6600.000000 0.0000163212
6700.000000 0.0000166075
6800.000000 0.0000167922
6900.000000 0.0000169775
7000.000000 0.0000171876
7100.000000 0.0000174142
7200.000000 0.0000176697
7300.000000 0.0000178745
7400.000000 0.0000180611
7500.000000 0.0000182455
7600.000000 0.0000184529
7700.000000 0.0000186471
7800.000000 0.0000189013
7900.000000 0.0000191319
8000.000000 0.0000193506
8100.000000 0.0000195448
8200.000000 0.0000197246
8300.000000 0.0000199490
8400.000000 0.0000201523
8500.000000 0.0000204271
8600.000000 0.0000206591
8700.000000 0.0000208749
8800.000000 0.0000210714
8900.000000 0.0000213921
9000.000000 0.0000215686
9100.000000 0.0000217820
9200.000000 0.0000220507
9300.000000 0.0000222430
9400.000000 0.0000224759
9500.000000 0.0000227266
9600.000000 0.0000231176
9700.000000 0.0000234406
9800.000000 0.0000236788
9900.000000 0.0000239311
10000.000000 0.0000241855
10100.000000 0.0000244465
10200.000000 0.0000249981
10300.000000 0.0000258236
10400.000000 0.0000261738
10500.000000 0.0000269698
10600.000000 0.0000279151
10700.000000 0.0000284292
10800.000000 0.0000286235
10900.000000 0.0000288594
11000.000000 0.0000290606
11100.000000 0.0000293577
11200.000000 0.0000296380
11300.000000 0.0000298940
11400.000000 0.0000301344
11500.000000 0.0000303589
11600.000000 0.0000306453
11700.000000 0.0000308800
11800.000000 0.0000311792
11900.000000 0.0000313834
12000.000000 0.0000316859
12100.000000 0.0000319326
12200.000000 0.0000320807
12300.000000 0.0000322785
12400.000000 0.0000325668
12500.000000 0.0000327722
12600.000000 0.0000329064
12700.000000 0.0000332583
12800.000000 0.0000334602
12900.000000 0.0000337175
13000.000000 0.0000340138
13100.000000 0.0000342147
13200.000000 0.0000343994
13300.000000 0.0000346287
13400.000000 0.0000348396
13500.000000 0.0000351364
13600.000000 0.0000353693
13700.000000 0.0000355680
13800.000000 0.0000358109
13900.000000 0.0000361165
14000.000000 0.0000364333
14100.000000 0.0000367312
14200.000000 0.0000369309
14300.000000 0.0000371655
14400.000000 0.0000375895
14500.000000 0.0000377852
14600.000000 0.0000380609
14700.000000 0.0000384175
14800.000000 0.0000387231
14900.000000 0.0000389660
15000.000000 0.0000393225
15100.000000 0.0000395392
15200.000000 0.0000397976
15300.000000 0.0000400603
15400.000000 0.0000403306
15500.000000 0.0000406083
15600.000000 0.0000409433
15700.000000 0.0000412122
15800.000000 0.0000414793
15900.000000 0.0000418062
16000.000000 0.0000422821
16100.000000 0.0000426339
16200.000000 0.0000429938
16300.000000 0.0000431960
16400.000000 0.0000434508
16500.000000 0.0000436969
16600.000000 0.0000439092
16700.000000 0.0000441668
16800.000000 0.0000443483
16900.000000 0.0000446578
17000.000000 0.0000449367
17100.000000 0.0000452396
17200.000000 0.0000454534
17300.000000 0.0000458187
17400.000000 0.0000460894
17500.000000 0.0000462945
17600.000000 0.0000465639
17700.000000 0.0000468029
17800.000000 0.0000471388
17900.000000 0.0000474626
18000.000000 0.0000477992
18100.000000 0.0000481085
18200.000000 0.0000484262
18300.000000 0.0000487623
18400.000000 0.0000489804
18500.000000 0.0000492921
18600.000000 0.0000494846
18700.000000 0.0000497339
18800.000000 0.0000500539
18900.000000 0.0000503834
19000.000000 0.0000505447
19100.000000 0.0000508211
19200.000000 0.0000510630
19300.000000 0.0000513606
19400.000000 0.0000516244
19500.000000 0.0000518717
19600.000000 0.0000520622
19700.000000 0.0000522884
19800.000000 0.0000525672
19900.000000 0.0000528434
20000.000000 0.0000530347
20100.000000 0.0000533253
20200.000000 0.0000536959
20300.000000 0.0000540046
20400.000000 0.0000543584
20500.000000 0.0000545184
20600.000000 0.0000547542
20700.000000 0.0000550934
20800.000000 0.0000554124
20900.000000 0.0000556418
21000.000000 0.0000558650
21100.000000 0.0000560942
21200.000000 0.0000562631
21300.000000 0.0000564762
21400.000000 0.0000567612
21500.000000 0.0000571161
21600.000000 0.0000573519
21700.000000 0.0000575502
21800.000000 0.0000577106
21900.000000 0.0000579558
22000.000000 0.0000581984
22100.000000 0.0000584968
22200.000000 0.0000588287
22300.000000 0.0000590793
22400.000000 0.0000593781
22500.000000 0.0000596851
22600.000000 0.0000599040
22700.000000 0.0000600625
22800.000000 0.0000603403
22900.000000 0.0000605011
23000.000000 0.0000607987
23100.000000 0.0000611822
23200.000000 0.0000614470
23300.000000 0.0000616369
23400.000000 0.0000619388
23500.000000 0.0000622314
23600.000000 0.0000628286
23700.000000 0.0000644767
23800.000000 0.0000650816
23900.000000 0.0000657485
24000.000000 0.0000664342
24100.000000 0.0000667605
24200.000000 0.0000676330
24300.000000 0.0000712716
24400.000000 0.0000731004
24500.000000 0.0000766900
24600.000000 0.0000787606
24700.000000 0.0000813613
24800.000000 0.0000832948
24900.000000 0.0000855476
25000.000000 0.0000864079
25100.000000 0.0000869507
25200.000000 0.0000871576
25300.000000 0.0000875477
25400.000000 0.0000878422
25500.000000 0.0000880987
25600.000000 0.0000883189
25700.000000 0.0000885414
25800.000000 0.0000888512
25900.000000 0.0000891670
26000.000000 0.0000893763
26100.000000 0.0000897339
26200.000000 0.0000900940
26300.000000 0.0000904016
26400.000000 0.0000907088
26500.000000 0.0000919795
26600.000000 0.0000927991
26700.000000 0.0000939404
26800.000000 0.0000949054
26900.000000 0.0000955550
27000.000000 0.0000961407
27100.000000 0.0000969341
27200.000000 0.0000976790
27300.000000 0.0000985962
27400.000000 0.0000995853
27500.000000 0.0001009898
27600.000000 0.0001020068
27700.000000 0.0001033282
27800.000000 0.0001046424
27900.000000 0.0001054271
28000.000000 0.0001063516
28100.000000 0.0001081312
28200.000000 0.0001096456
28300.000000 0.0001108628
28400.000000 0.0001119060
28500.000000 0.0001132733
28600.000000 0.0001144399
28700.000000 0.0001151913
28800.000000 0.0001157484
28900.000000 0.0001161567
29000.000000 0.0001164380
29100.000000 0.0001166319
29200.000000 0.0001168880
29300.000000 0.0001171726
29400.000000 0.0001177649
29500.000000 0.0001185332
29600.000000 0.0001195329
29700.000000 0.0001203125
29800.000000 0.0001210047
29900.000000 0.0001216245
30000.000000 0.0001234615
30100.000000 0.0001245421
30200.000000 0.0001257660
30300.000000 0.0001268125
30400.000000 0.0001282323
30500.000000 0.0001299183
30600.000000 0.0001307874
30700.000000 0.0001316800
30800.000000 0.0001340407
30900.000000 0.0001352238
31000.000000 0.0001364987
31100.000000 0.0001378835
31200.000000 0.0001393099
31300.000000 0.0001406269
31400.000000 0.0001433568
31500.000000 0.0001452281
31600.000000 0.0001475607
31700.000000 0.0001489648
31800.000000 0.0001492524
31900.000000 0.0001501261
32000.000000 0.0001507735
32100.000000 0.0001515058
32200.000000 0.0001522474
32300.000000 0.0001531801
32400.000000 0.0001536548
32500.000000 0.0001541799
32600.000000 0.0001549482
32700.000000 0.0001559531
32800.000000 0.0001563748
32900.000000 0.0001566175
33000.000000 0.0001572109
33100.000000 0.0001574735
33200.000000 0.0001577870
33300.000000 0.0001579899
33400.000000 0.0001583931
33500.000000 0.0001586191
33600.000000 0.0001589002
33700.000000 0.0001591576
33800.000000 0.0001599056
33900.000000 0.0001606960
34000.000000 0.0001615741
34100.000000 0.0001628807
34200.000000 0.0001638109
34300.000000 0.0001648455
34400.000000 0.0001659008
34500.000000 0.0001663061
34600.000000 0.0001673536
34700.000000 0.0001675992
34800.000000 0.0001680109
34900.000000 0.0001687577
35000.000000 0.0001695302
35100.000000 0.0001700981
35200.000000 0.0001723837
35300.000000 0.0001745915
35400.000000 0.0001759701
35500.000000 0.0001767294
35600.000000 0.0001777154
35700.000000 0.0001781774
35800.000000 0.0001787973
35900.000000 0.0001802035
36000.000000 0.0001814235
36100.000000 0.0001821190
36200.000000 0.0001826389
36300.000000 0.0001835795
36400.000000 0.0001843982
36500.000000 0.0001847844
36600.000000 0.0001855625
36700.000000 0.0001860356
36800.000000 0.0001863461
36900.000000 0.0001866307
37000.000000 0.0001867732
37100.000000 0.0001870558
37200.000000 0.0001875083
37300.000000 0.0001878816
37400.000000 0.0001882976
37500.000000 0.0001891264
37600.000000 0.0001896204
37700.000000 0.0001898876
37800.000000 0.0001905180
37900.000000 0.0001908603
38000.000000 0.0001910754
38100.000000 0.0001917715
38200.000000 0.0001922305
38300.000000 0.0001947872
38400.000000 0.0001956762
38500.000000 0.0001974038
38600.000000 0.0002009764
38700.000000 0.0002021726
38800.000000 0.0002025571
38900.000000 0.0002026621
39000.000000 0.0002028101
39100.000000 0.0002030840
39200.000000 0.0002035161
39300.000000 0.0002051372
39400.000000 0.0002070695
39500.000000 0.0002098047
39600.000000 0.0002130023
39700.000000 0.0002152566
39800.000000 0.0002177877
39900.000000 0.0002183884
40000.000000 0.0002187212
40100.000000 0.0002195542
40200.000000 0.0002204314
40300.000000 0.0002207461
40400.000000 0.0002210725
40500.000000 0.0002213624
40600.000000 0.0002217492
40700.000000 0.0002221012
40800.000000 0.0002224512
40900.000000 0.0002226552
41000.000000 0.0002228421
41100.000000 0.0002231336
41200.000000 0.0002237322
41300.000000 0.0002239818
41400.000000 0.0002251087
41500.000000 0.0002273709
41600.000000 0.0002284016
41700.000000 0.0002291718
41800.000000 0.0002300076
41900.000000 0.0002309450
42000.000000 0.0002315023
42100.000000 0.0002318648
42200.000000 0.0002323241
42300.000000 0.0002329246
42400.000000 0.0002332022
42500.000000 0.0002335271
42600.000000 0.0002337355
42700.000000 0.0002339427
42800.000000 0.0002344632
42900.000000 0.0002348630
43000.000000 0.0002351762
43100.000000 0.0002354188
43200.000000 0.0002356864
43300.000000 0.0002361131
43400.000000 0.0002365575
43500.000000 0.0002370364
43600.000000 0.0002374711
43700.000000 0.0002385814
43800.000000 0.0002389868
43900.000000 0.0002391663
44000.000000 0.0002396772
44100.000000 0.0002403285
44200.000000 0.0002407081
44300.000000 0.0002412060
44400.000000 0.0002417983
44500.000000 0.0002421946
44600.000000 0.0002431756
44700.000000 0.0002442991
44800.000000 0.0002449469
44900.000000 0.0002454418
45000.000000 0.0002461507
45100.000000 0.0002470464
45200.000000 0.0002473547
45300.000000 0.0002476165
45400.000000 0.0002480993
45500.000000 0.0002485165
45600.000000 0.0002489463
45700.000000 0.0002495451
45800.000000 0.0002500382
45900.000000 0.0002504083
46000.000000 0.0002510219
46100.000000 0.0002516460
46200.000000 0.0002523862
46300.000000 0.0002528739
46400.000000 0.0002535470
46500.000000 0.0002540816
46600.000000 0.0002545678
46700.000000 0.0002552583
46800.000000 0.0002582027
46900.000000 0.0002610490
47000.000000 0.0002633830
47100.000000 0.0002652019
47200.000000 0.0002682114
47300.000000 0.0002712560
47400.000000 0.0002744259
47500.000000 0.0002780986
47600.000000 0.0002808137
47700.000000 0.0002827190
47800.000000 0.0002839455
47900.000000 0.0002844276
48000.000000 0.0002868907
48100.000000 0.0002883749
48200.000000 0.0002894598
48300.000000 0.0002903183
48400.000000 0.0002923117
48500.000000 0.0002942502
48600.000000 0.0002966213
48700.000000 0.0002986545
48800.000000 0.0003012803
48900.000000 0.0003033963
49000.000000 0.0003056549
49100.000000 0.0003071816
49200.000000 0.0003081759
49300.000000 0.0003087696
49400.000000 0.0003095075
49500.000000 0.0003104823
49600.000000 0.0003109691
49700.000000 0.0003115686
49800.000000 0.0003127751
49900.000000 0.0003132559
50000.000000 0.0003140067
50100.000000 0.0003144003
50200.000000 0.0003166753
50300.000000 0.0003182530
50400.000000 0.0003216247
50500.000000 0.0003233086
50600.000000 0.0003243837
50700.000000 0.0003248122
50800.000000 0.0003255221
50900.000000 0.0003266228
51000.000000 0.0003292466
51100.000000 0.0003333748
51200.000000 0.0003365277
51300.000000 0.0003377419
51400.000000 0.0003385113
51500.000000 0.0003397208
51600.000000 0.0003403747
51700.000000 0.0003412771
51800.000000 0.0003419095
51900.000000 0.0003427375
52000.000000 0.0003433716
52100.000000 0.0003445542
52200.000000 0.0003452101
52300.000000 0.0003465820
52400.000000 0.0003485804
52500.000000 0.0003503918
52600.000000 0.0003527026
52700.000000 0.0003561318
52800.000000 0.0003590180
52900.000000 0.0003607798
53000.000000 0.0003615712
53100.000000 0.0003626460
53200.000000 0.0003634891
53300.000000 0.0003643641
53400.000000 0.0003653665
53500.000000 0.0003660919
53600.000000 0.0003669216
53700.000000 0.0003677238
53800.000000 0.0003685245
53900.000000 0.0003691880
54000.000000 0.0003701219
54100.000000 0.0003730825
54200.000000 0.0003775519
54300.000000 0.0003818157
54400.000000 0.0003842849
54500.000000 0.0003873545
54600.000000 0.0003905665
54700.000000 0.0003938048
54800.000000 0.0003959233
54900.000000 0.0003974015
55000.000000 0.0003994232
55100.000000 0.0004015895
55200.000000 0.0004052271
55300.000000 0.0004082016
55400.000000 0.0004117168
55500.000000 0.0004152395
55600.000000 0.0004178053
55700.000000 0.0004208559
55800.000000 0.0004243886
55900.000000 0.0004272188
56000.000000 0.0004307267
56100.000000 0.0004349258
56200.000000 0.0004391144
56300.000000 0.0004421813
56400.000000 0.0004445762
56500.000000 0.0004463163
56600.000000 0.0004471431
56700.000000 0.0004483331
56800.000000 0.0004496446
56900.000000 0.0004504581
57000.000000 0.0004510008
57100.000000 0.0004513714
57200.000000 0.0004521868
57300.000000 0.0004533467
57400.000000 0.0004546503
57500.000000 0.0004555683
57600.000000 0.0004562871
57700.000000 0.0004571933
57800.000000 0.0004579802
57900.000000 0.0004590151
58000.000000 0.0004603508
58100.000000 0.0004606820
58200.000000 0.0004613385
58300.000000 0.0004620337
58400.000000 0.0004632637
58500.000000 0.0004640412
58600.000000 0.0004649237
58700.000000 0.0004656209
58800.000000 0.0004664590
58900.000000 0.0004676090
59000.000000 0.0004685943
59100.000000 0.0004695097
59200.000000 0.0004702656
59300.000000 0.0004709802
59400.000000 0.0004721362
59500.000000 0.0004731897
59600.000000 0.0004740213
59700.000000 0.0004748415
59800.000000 0.0004760148
59900.000000 0.0004775832
60000.000000 0.0004783689
60100.000000 0.0004788651
60200.000000 0.0004797692
60300.000000 0.0004806216
60400.000000 0.0004818407
60500.000000 0.0004829633
60600.000000 0.0004839167
60700.000000 0.0004846505
60800.000000 0.0004855591
60900.000000 0.0004865061
61000.000000 0.0004874550
61100.000000 0.0004886416
61200.000000 0.0004891818
61300.000000 0.0004898055
61400.000000 0.0004905216
61500.000000 0.0004916241
61600.000000 0.0004924979
61700.000000 0.0004933469
61800.000000 0.0004944349
61900.000000 0.0004952563
62000.000000 0.0004964384
62100.000000 0.0004975951
62200.000000 0.0004994257
62300.000000 0.0005013485
62400.000000 0.0005027312
62500.000000 0.0005035356
62600.000000 0.0005043666
62700.000000 0.0005053303
62800.000000 0.0005058296
62900.000000 0.0005065821
63000.000000 0.0005076837
63100.000000 0.0005089171
63200.000000 0.0005096745
63300.000000 0.0005111847
63400.000000 0.000512