0.000000 0.0000050000
100.000000 0.0000010000
200.000000 0.0000020000
300.000000 0.0000030000
400.000000 0.0000010000
500.000000 0.0000030000
600.000000 0.0000010000
700.000000 0.0000100000
800.000000 0.0000050000
900.000000 0.0000080000
1000.000000 0.0000040000
1100.000000 0.0000050000
1200.000000 0.0000110000
1300.000000 0.0000190000
1400.000000 0.0000050000
1500.000000 0.0000140000
1600.000000 0.0000020000
1700.000000 0.0000480000
1800.000000 0.0000230000
1900.000000 0.0000020000
2000.000000 0.0000150000
2100.000000 0.0000050000
2200.000000 0.0000040000
2300.000000 0.0000290000
2400.000000 0.0000060000
2500.000000 0.0000060000
2600.000000 0.0000080000
2700.000000 0.0000050000
2800.000000 0.0000090000
2900.000000 0.0000420000
3000.000000 0.0000060000
3100.000000 0.0000010000
3200.000000 0.0000180000
3300.000000 0.0000050000
3400.000000 0.0000080000
3500.000000 0.0000010000
3600.000000 0.0000700000
3700.000000 0.0000360000
3800.000000 0.0000390000
3900.000000 0.0000150000
4000.000000 0.0000340000
4100.000000 0.0000170000
4200.000000 0.0000100000
4300.000000 0.0000020000
4400.000000 0.0000010000
4500.000000 0.0000220000
4600.000000 0.0000120000
4700.000000 0.0000130000
4800.000000 0.0000020000
4900.000000 0.0000080000
5000.000000 0.0000200000
5100.000000 0.0000440000
5200.000000 0.0000280000
5300.000000 0.0000390000
5400.000000 0.0000100000
5500.000000 0.0000000000
5600.000000 0.0000170000
5700.000000 0.0000470000
5800.000000 0.0000600000
5900.000000 0.0001370000
6000.000000 0.0000010000
6100.000000 0.0000430000
6200.000000 0.0000300000
6300.000000 0.0000220000
6400.000000 0.0000460000
6500.000000 0.0000020000
6600.000000 0.0000350000
6700.000000 0.0000450000
6800.000000 0.0000080000
6900.000000 0.0000070000
7000.000000 0.0000040000
7100.000000 0.0000070000
7200.000000 0.0000280000
7300.000000 0.0000750000
7400.000000 0.0000680000
7500.000000 0.0000110000
7600.000000 0.0000030000
7700.000000 0.0000260000
7800.000000 0.0000060000
7900.000000 0.0000880000
8000.000000 0.0000430000
8100.000000 0.0000350000
8200.000000 0.0000400000
8300.000000 0.0000700000
8400.000000 0.0000120000
8500.000000 0.0000200000
8600.000000 0.0000010000
8700.000000 0.0000480000
8800.000000 0.0000020000
8900.000000 0.0000440000
9000.000000 0.0000020000
9100.000000 0.0000950000
9200.000000 0.0000700000
9300.000000 0.0000760000
9400.000000 0.0000010000
9500.000000 0.0001100000
9600.000000 0.0000690000
9700.000000 0.0001150000
9800.000000 0.0000010000
9900.000000 0.0000710000
10000.000000 0.0000730000
10100.000000 0.0000020000
10200.000000 0.0000250000
10300.000000 0.0001210000
10400.000000 0.0001500000
10500.000000 0.0000360000
10600.000000 0.0000810000
10700.000000 0.0000010000
10800.000000 0.0000000000
10900.000000 0.0000220000
11000.000000 0.0000470000
11100.000000 0.0000340000
11200.000000 0.0000050000
11300.000000 0.0000020000
11400.000000 0.0001350000
11500.000000 0.0001570000
11600.000000 0.0000050000
11700.000000 0.0001200000
11800.000000 0.0001350000
11900.000000 0.0001190000
12000.000000 0.0000050000
12100.000000 0.0000280000
12200.000000 0.0000150000
12300.000000 0.0000330000
12400.000000 0.0000210000
12500.000000 0.0001290000
12600.000000 0.0001280000
12700.000000 0.0002780000
12800.000000 0.0000030000
12900.000000 0.0000000000
13000.000000 0.0000900000
13100.000000 0.0001020000
13200.000000 0.0000220000
13300.000000 0.0000220000
13400.000000 0.0001310000
13500.000000 0.0000010000
13600.000000 0.0000120000
13700.000000 0.0000170000
13800.000000 0.0001170000
13900.000000 0.0000600000
14000.000000 0.0000070000
14100.000000 0.0000020000
14200.000000 0.0000120000
14300.000000 0.0000050000
14400.000000 0.0001620000
14500.000000 0.0000010000
14600.000000 0.0001770000
14700.000000 0.0001870000
14800.000000 0.0001340000
14900.000000 0.0000480000
15000.000000 0.0000010000
15100.000000 0.0000010000
15200.000000 0.0001290000
15300.000000 0.0000070000
15400.000000 0.0000030000
15500.000000 0.0000320000
15600.000000 0.0000020000
15700.000000 0.0000060000
15800.000000 0.0000020000
15900.000000 0.0000350000
16000.000000 0.0000020000
16100.000000 0.0000140000
16200.000000 0.0001350000
16300.000000 0.0000010000
16400.000000 0.0001520000
16500.000000 0.0001080000
16600.000000 0.0000820000
16700.000000 0.0000640000
16800.000000 0.0000740000
16900.000000 0.0001310000
17000.000000 0.0002050000
17100.000000 0.0000100000
17200.000000 0.0000840000
17300.000000 0.0001830000
17400.000000 0.0000040000
17500.000000 0.0000750000
17600.000000 0.0001170000
17700.000000 0.0000990000
17800.000000 0.0000990000
17900.000000 0.0002490000
18000.000000 0.0000340000
18100.000000 0.0000050000
18200.000000 0.0002360000
18300.000000 0.0002300000
18400.000000 0.0000050000
18500.000000 0.0000640000
18600.000000 0.0001030000
18700.000000 0.0001530000
18800.000000 0.0000910000
18900.000000 0.0001200000
19000.000000 0.0000480000
19100.000000 0.0000010000
19200.000000 0.0001700000
19300.000000 0.0001460000
19400.000000 0.0002430000
19500.000000 0.0000050000
19600.000000 0.0000330000
19700.000000 0.0000320000
19800.000000 0.0000490000
19900.000000 0.0000010000
20000.000000 0.0000030000
20100.000000 0.0001110000
20200.000000 0.0005650000
20300.000000 0.0000500000
20400.000000 0.0000000000
20500.000000 0.0000120000
20600.000000 0.0001770000
20700.000000 0.0000160000
20800.000000 0.0003120000
20900.000000 0.0000360000
21000.000000 0.0000280000
21100.000000 0.0003110000
21200.000000 0.0001850000
21300.000000 0.0002900000
21400.000000 0.0000200000
21500.000000 0.0002010000
21600.000000 0.0000020000
21700.000000 0.0001070000
21800.000000 0.0002980000
21900.000000 0.0000120000
22000.000000 0.0001320000
22100.000000 0.0001770000
22200.000000 0.0004070000
22300.000000 0.0000120000
22400.000000 0.0000100000
22500.000000 0.0003370000
22600.000000 0.0000840000
22700.000000 0.0000610000
22800.000000 0.0000790000
22900.000000 0.0000050000
23000.000000 0.0002610000
23100.000000 0.0001610000
23200.000000 0.0000050000
23300.000000 0.0000160000
23400.000000 0.0000100000
23500.000000 0.0003580000
23600.000000 0.0004750000
23700.000000 0.0006440000
23800.000000 0.0001180000
23900.000000 0.0015240000
24000.000000 0.0000110000
24100.000000 0.0001400000
24200.000000 0.0004180000
24300.000000 0.0000080000
24400.000000 0.0000250000
24500.000000 0.0000040000
24600.000000 0.0000300000
24700.000000 0.0013210000
24800.000000 0.0000110000
24900.000000 0.0006440000
25000.000000 0.0007770000
25100.000000 0.0000370000
25200.000000 0.0001340000
25300.000000 0.0000320000
25400.000000 0.0001930000
25500.000000 0.0000550000
25600.000000 0.0001070000
25700.000000 0.0001600000
25800.000000 0.0000460000
25900.000000 0.0000860000
26000.000000 0.0001420000
26100.000000 0.0000050000
26200.000000 0.0001660000
26300.000000 0.0004430000
26400.000000 0.0002360000
26500.000000 0.0002010000
26600.000000 0.0000040000
26700.000000 0.0004270000
26800.000000 0.0000650000
26900.000000 0.0000050000
27000.000000 0.0000340000
27100.000000 0.0009060000
27200.000000 0.0000960000
27300.000000 0.0002690000
27400.000000 0.0004830000
27500.000000 0.0002130000
27600.000000 0.0005410000
27700.000000 0.0000040000
27800.000000 0.0009300000
27900.000000 0.0000080000
28000.000000 0.0001630000
28100.000000 0.0001530000
28200.000000 0.0004700000
28300.000000 0.0010220000
28400.000000 0.0012640000
28500.000000 0.0001250000
28600.000000 0.0001090000
28700.000000 0.0005080000
28800.000000 0.0000380000
28900.000000 0.0000650000
29000.000000 0.0000540000
29100.000000 0.0000090000
29200.000000 0.0000580000
29300.000000 0.0003760000
29400.000000 0.0005540000
29500.000000 0.0001110000
29600.000000 0.0001520000
29700.000000 0.0004490000
29800.000000 0.0004870000
29900.000000 0.0002350000
30000.000000 0.0001300000
30100.000000 0.0000550000
30200.000000 0.0009210000
30300.000000 0.0004960000
30400.000000 0.0005270000
30500.000000 0.0037920000
30600.000000 0.0008390000
30700.000000 0.0000100000
30800.000000 0.0000040000
30900.000000 0.0000340000
31000.000000 0.0000740000
31100.000000 0.0002590000
31200.000000 0.0000020000
31300.000000 0.0013110000
31400.000000 0.0000560000
31500.000000 0.0015050000
31600.000000 0.0034100000
31700.000000 0.0000010000
31800.000000 0.0000420000
31900.000000 0.0000910000
32000.000000 0.0000960000
32100.000000 0.0006960000
32200.000000 0.0003730000
32300.000000 0.0008620000
32400.000000 0.0000030000
32500.000000 0.0001390000
32600.000000 0.0004870000
32700.000000 0.0005620000
32800.000000 0.0001880000
32900.000000 0.0002360000
33000.000000 0.0000630000
33100.000000 0.0001990000
33200.000000 0.0001020000
33300.000000 0.0005750000
33400.000000 0.0000410000
33500.000000 0.0006400000
33600.000000 0.0001160000
33700.000000 0.0008860000
33800.000000 0.0002340000
33900.000000 0.0002260000
34000.000000 0.0005370000
34100.000000 0.0007440000
34200.000000 0.0004600000
34300.000000 0.0009180000
34400.000000 0.0015920000
34500.000000 0.0003730000
34600.000000 0.0000940000
34700.000000 0.0000350000
34800.000000 0.0003560000
34900.000000 0.0002130000
35000.000000 0.0002610000
35100.000000 0.0008190000
35200.000000 0.0004100000
35300.000000 0.0017740000
35400.000000 0.0021650000
35500.000000 0.0000770000
35600.000000 0.0000380000
35700.000000 0.0001830000
35800.000000 0.0001820000
35900.000000 0.0001670000
36000.000000 0.0000690000
36100.000000 0.0000020000
36200.000000 0.0003120000
36300.000000 0.0000830000
36400.000000 0.0002030000
36500.000000 0.0000800000
36600.000000 0.0001330000
36700.000000 0.0007220000
36800.000000 0.0004550000
36900.000000 0.0001510000
37000.000000 0.0000510000
37100.000000 0.0000100000
37200.000000 0.0008210000
37300.000000 0.0002410000
37400.000000 0.0007940000
37500.000000 0.0004290000
37600.000000 0.0000130000
37700.000000 0.0000560000
37800.000000 0.0006650000
37900.000000 0.0003120000
38000.000000 0.0000200000
38100.000000 0.0004140000
38200.000000 0.0005480000
38300.000000 0.0000040000
38400.000000 0.0002670000
38500.000000 0.0003450000
38600.000000 0.0008920000
38700.000000 0.0011700000
38800.000000 0.0008020000
38900.000000 0.0000010000
39000.000000 0.0001560000
39100.000000 0.0010130000
39200.000000 0.0000020000
39300.000000 0.0022670000
39400.000000 0.0031230000
39500.000000 0.0000780000
39600.000000 0.0020310000
39700.000000 0.0000980000
39800.000000 0.0002570000
39900.000000 0.0003350000
40000.000000 0.0005350000
40100.000000 0.0018540000
40200.000000 0.0000030000
40300.000000 0.0000030000
40400.000000 0.0002010000
40500.000000 0.0001700000
40600.000000 0.0011520000
40700.000000 0.0003040000
40800.000000 0.0000110000
40900.000000 0.0000550000
41000.000000 0.0008570000
41100.000000 0.0008310000
41200.000000 0.0003200000
41300.000000 0.0000150000
41400.000000 0.0003240000
41500.000000 0.0000170000
41600.000000 0.0000020000
41700.000000 0.0002850000
41800.000000 0.0003530000
41900.000000 0.0007350000
42000.000000 0.0001460000
42100.000000 0.0001720000
42200.000000 0.0001670000
42300.000000 0.0007260000
42400.000000 0.0002780000
42500.000000 0.0000670000
42600.000000 0.0003330000
42700.000000 0.0005860000
42800.000000 0.0012940000
42900.000000 0.0000160000
43000.000000 0.0003180000
43100.000000 0.0008740000
43200.000000 0.0009590000
43300.000000 0.0000010000
43400.000000 0.0003070000
43500.000000 0.0004510000
43600.000000 0.0000320000
43700.000000 0.0000420000
43800.000000 0.0003540000
43900.000000 0.0012230000
44000.000000 0.0000010000
44100.000000 0.0003700000
44200.000000 0.0000080000
44300.000000 0.0003040000
44400.000000 0.0012050000
44500.000000 0.0001190000
44600.000000 0.0007870000
44700.000000 0.0019960000
44800.000000 0.0008890000
44900.000000 0.0012440000
45000.000000 0.0000040000
45100.000000 0.0003750000
45200.000000 0.0002300000
45300.000000 0.0000130000
45400.000000 0.0003130000
45500.000000 0.0001020000
45600.000000 0.0000250000
45700.000000 0.0005120000
45800.000000 0.0000010000
45900.000000 0.0005420000
46000.000000 0.0008980000
46100.000000 0.0013030000
46200.000000 0.0000500000
46300.000000 0.0007580000
46400.000000 0.0014250000
46500.000000 0.0003380000
46600.000000 0.0001960000
46700.000000 0.0006950000
46800.000000 0.0000150000
46900.000000 0.0040890000
47000.000000 0.0003990000
47100.000000 0.0002760000
47200.000000 0.0001490000
47300.000000 0.0006130000
47400.000000 0.0002840000
47500.000000 0.0061570000
47600.000000 0.0001390000
47700.000000 0.0002000000
47800.000000 0.0000080000
47900.000000 0.0008250000
48000.000000 0.0032280000
48100.000000 0.0040240000
48200.000000 0.0008390000
48300.000000 0.0006560000
48400.000000 0.0011360000
48500.000000 0.0013400000
48600.000000 0.0000020000
48700.000000 0.0002570000
48800.000000 0.0000370000
48900.000000 0.0036530000
49000.000000 0.0012120000
49100.000000 0.0009410000
49200.000000 0.0000590000
49300.000000 0.0001720000
49400.000000 0.0027630000
49500.000000 0.0011930000
49600.000000 0.0002940000
49700.000000 0.0013930000
49800.000000 0.0001050000
49900.000000 0.0017590000
50000.000000 0.0019390000
50100.000000 0.0012040000
50200.000000 0.0010260000
50300.000000 0.0000170000
50400.000000 0.0000920000
50500.000000 0.0010070000
50600.000000 0.0013080000
50700.000000 0.0010650000
50800.000000 0.0008060000
50900.000000 0.0025080000
51000.000000 0.0005450000
51100.000000 0.0064180000
51200.000000 0.0058340000
51300.000000 0.0001490000
51400.000000 0.0003560000
51500.000000 0.0000180000
51600.000000 0.0011300000
51700.000000 0.0014340000
51800.000000 0.0000530000
51900.000000 0.0004990000
52000.000000 0.0006100000
52100.000000 0.0000430000
52200.000000 0.0004610000
52300.000000 0.0000530000
52400.000000 0.0010150000
52500.000000 0.0005730000
52600.000000 0.0034170000
52700.000000 0.0009990000
52800.000000 0.0067920000
52900.000000 0.0008030000
53000.000000 0.0000030000
53100.000000 0.0020400000
53200.000000 0.0015860000
53300.000000 0.0008110000
53400.000000 0.0013560000
53500.000000 0.0002620000
53600.000000 0.0000020000
53700.000000 0.0000620000
53800.000000 0.0000180000
53900.000000 0.0016790000
54000.000000 0.0025430000
54100.000000 0.0016620000
54200.000000 0.0000480000
54300.000000 0.0025980000
54400.000000 0.0088760000
54500.000000 0.0000640000
54600.000000 0.0035080000
54700.000000 0.0018870000
54800.000000 0.0000010000
54900.000000 0.0016670000
55000.000000 0.0011690000
55100.000000 0.0044120000
55200.000000 0.0057670000
55300.000000 0.0037770000
55400.000000 0.0017270000
55500.000000 0.0041920000
55600.000000 0.0007830000
55700.000000 0.0000290000
55800.000000 0.0006740000
55900.000000 0.0001170000
56000.000000 0.0010650000
56100.000000 0.0010070000
56200.000000 0.0016430000
56300.000000 0.0002040000
56400.000000 0.0026230000
56500.000000 0.0020130000
56600.000000 0.0023920000
56700.000000 0.0012900000
56800.000000 0.0016380000
56900.000000 0.0000040000
57000.000000 0.0010340000
57100.000000 0.0019180000
57200.000000 0.0020120000
57300.000000 0.0005810000
57400.000000 0.0044500000
57500.000000 0.0036170000
57600.000000 0.0016840000
57700.000000 0.0008580000
57800.000000 0.0022650000
57900.000000 0.0023010000
58000.000000 0.0010740000
58100.000000 0.0003330000
58200.000000 0.0020630000
58300.000000 0.0012210000
58400.000000 0.0002500000
58500.000000 0.0012930000
58600.000000 0.0016870000
58700.000000 0.0001640000
58800.000000 0.0030070000
58900.000000 0.0004380000
59000.000000 0.0033600000
59100.000000 0.0015320000
59200.000000 0.0005640000
59300.000000 0.0006120000
59400.000000 0.0000050000
59500.000000 0.0000190000
59600.000000 0.0001290000
59700.000000 0.0018770000
59800.000000 0.0000420000
59900.000000 0.0011570000
60000.000000 0.0027780000
60100.000000 0.0010420000
60200.000000 0.0007380000
60300.000000 0.0025780000
60400.000000 0.0002330000
60500.000000 0.0003330000
60600.000000 0.0001800000
60700.000000 0.0001870000
60800.000000 0.0000330000
60900.000000 0.0004550000
61000.000000 0.0002970000
61100.000000 0.0029690000
61200.000000 0.0009020000
61300.000000 0.0040410000
61400.000000 0.0025380000
61500.000000 0.0009800000
61600.000000 0.0013030000
61700.000000 0.0000230000
61800.000000 0.0002040000
61900.000000 0.0000240000
62000.000000 0.0000360000
62100.000000 0.0000030000
62200.000000 0.0000350000
62300.000000 0.0005650000
62400.000000 0.0045560000
62500.000000 0.0009630000
62600.000000 0.0000930000
62700.000000 0.0000070000
62800.000000 0.0003450000
62900.000000 0.0005240000
63000.000000 0.0001430000
63100.000000 0.0004370000
63200.000000 0.0000600000
63300.000000 0.0009540000
63400.000000